5 42.96
67 1.22
64 32.42
90 60.28
32 19.42
37 23.42
80 68.70
79 40.50
78 64.73
81 58.95

Solucion:
[][](5,42.96)[][][](64,32.42)(37,23.42)(32,19.42)[][](78,64.73)[][](80,68.7)[][](90,60.28)(81,58.95)(79,40.5)(67,1.22)
2.9


64 32.42
80 68.70
32 19.42
37 23.42
5 42.96
79 40.50
78 64.73
67 1.22
81 58.95
90 60.28

Solucion:
[][](5,42.96)[][][](64,32.42)(37,23.42)(32,19.42)[][](78,64.73)[][](80,68.7)[][](90,60.28)(81,58.95)(79,40.5)(67,1.22)
2.9


12 22
90 5
42 17
25 8
78 15
63 10
37 3
56 6

Solucion:
[][](12,22.0)[](25,8.0)[][](42,17.0)[][][](78,15.0)(63,10.0)(56,6.0)[](90,5.0)(37,3.0)
3.0


80 57.22
68 26.64
16 70.77
90 74.17
26 78.83
61 56.97
58 43.75
11 3.40
92 80.08
27 35.52


6 75.51
70 53.30
33 65.22
7 64.51
37 81.70
102 57.75
11 83.72
144 22.52
89 30.65
148 88.91
43 5.41
34 28.57
29 23.82
142 88.67
137 21.99


193 4.69
44 81.56
113 82.65
53 63.41
50 76.84
184 84.58
187 6.64
12 4.61
118 79.39
46 61.39
34 11.87
72 62.64
75 24.58
195 40.72
107 4.82
166 0.64
170 64.79
39 64.19
57 13.72
125 10.43
